$
0 |  1523
      1 |  1498
      2 |  1566
      3 |  1403
      4 |  1327
      5 |  1446
      6 |  1537
      7 |  1562
      8 |  1495
      9 |  1602
     10 |  1447
     11 |  1259
     12 |  1228
     13 |  1284
     14 |  1106
     15 |  1009
     16 |  1195
     17 |  1014
     18 |  1073
     19 |   980
     20 |   839
     21 |   743
     22 |   693
     23 |   606
     24 |   437
     25 |   513
     26 |   344
     27 |   278
     28 |   228
     29 |   238
     30 |    52
     31 |    82
     32 |    76
     33 |    52
     34 |    55
     35 |    20
     36 |    24
     37 |    21
     38 |    14
     39 |    16
     40 |    35
     41 |    40
     42 |    16
     43 |    15
     44 |    19
     45 |    11
     46 |     8
     47 |    11
     48 |    24
     49 |    12
$
 0 |  2196
      1 |  2169
      2 |  2151
      3 |  1996
      4 |  1929
      5 |  2025
      6 |  2165
      7 |  2235
      8 |  2171
      9 |  2272
     10 |  2216
     11 |  2037
     12 |  1922
     13 |  2173
     14 |  1978
     15 |  1964
     16 |  2412
     17 |  2252
     18 |  2283
     19 |  2276
     20 |  2086
     21 |  2040
     22 |  2232
     23 |  2241
     24 |  2353
     25 |  2381
     26 |  2135
     27 |  2325
     28 |  2152
     29 |  2263
     30 |  2096
     31 |  2310
     32 |  2000
     33 |  2273
     34 |  2278
     35 |  2111
     36 |  2190
     37 |  2267
     38 |  2263
     39 |  2105
     40 |  2136
     41 |  2156
     42 |  2227
     43 |  2025
     44 |  2229
     45 |  2157
     46 |  1973
     47 |  2024
     48 |  1947
     49 |  1944
$
      0 |  2440
      1 |  2435
      2 |  2495
      3 |  2269
      4 |  2205
      5 |  2334
      6 |  2415
      7 |  2465
      8 |  2473
      9 |  2529
     10 |  2427
     11 |  2258
     12 |  2175
     13 |  2386
     14 |  2212
     15 |  2175
     16 |  2633
     17 |  2377
     18 |  2477
     19 |  2490
     20 |  2304
     21 |  2177
     22 |  2315
     23 |  2410
     24 |  2519
     25 |  2573
     26 |  2268
     27 |  2478
     28 |  2309
     29 |  2402
     30 |  2288
     31 |  2441
     32 |  2171
     33 |  2455
     34 |  2499
     35 |  2328
     36 |  2400
     37 |  2449
     38 |  2415
     39 |  2381
     40 |  2409
     41 |  2368
     42 |  2421
     43 |  2303
     44 |  2461
     45 |  2416
     46 |  2286
     47 |  2293
     48 |  2237
     49 |  2340
$
  0 |  1572
      1 |  1502
      2 |  1554
      3 |  1366
      4 |  1278
      5 |  1411
      6 |  1414
      7 |  1464
      8 |  1493
      9 |  1603
     10 |  1463
     11 |  1329
     12 |  1280
     13 |  1382
     14 |  1204
     15 |  1212
     16 |  1393
     17 |  1416
     18 |  1389
     19 |  1432
     20 |  1346
     21 |  1209
     22 |  1307
     23 |  1394
     24 |  1562
     25 |  1583
     26 |  1399
     27 |  1530
     28 |  1366
     29 |  1371
     30 |  1154
     31 |  1029
     32 |   979
     33 |  1037
     34 |   871
     35 |   758
     36 |   746
     37 |  1058
     38 |   794
     39 |   881
     40 |   861
     41 |   558
     42 |   837
     43 |   701
     44 |   716
     45 |   824
     46 |   501
     47 |   532
     48 |   499
     49 |   656
