$ w/o corruption
      0 |  1573
      1 |  1278
      2 |  1602
      3 |  1405
      4 |  1308
      5 |  1421
      6 |  1519
      7 |  1532
      8 |  1284
      9 |  1380
     10 |  1303
     11 |  1240
     12 |  1440
     13 |  1186
     14 |  1206
     15 |  1214
     16 |  1124
     17 |  1175
     18 |   876
     19 |   830
     20 |   900
     21 |   753
     22 |   615
     23 |   467
     24 |   412
     25 |   336
     26 |   279
     27 |   321
     28 |   165
     29 |    65
     30 |    73
     31 |    34
     32 |    34
     33 |    31
     34 |    36
     35 |    31
     36 |    29
     37 |    19
     38 |    15
     39 |    15
     40 |    13
     41 |    12
     42 |    12
     43 |    17
     44 |    15
     45 |    15
     46 |    10
     47 |    17
     48 |    10
     49 |    11
$
      0 |  1573
      1 |  1278
      2 |  1602
      3 |  1405
      4 |  1339
      5 |  1423
      6 |  1553
      7 |  1540
      8 |  1350
      9 |  1442
     10 |  1351
     11 |  1301
     12 |  1637
     13 |  1385
     14 |  1441
     15 |  1506
     16 |  1476
     17 |  1606
     18 |  1436
     19 |  1545
     20 |  1550
     21 |  1395
     22 |  1282
     23 |  1244
     24 |  1445
     25 |  1457
     26 |  1447
     27 |  1573
     28 |  1451
     29 |  1305
     30 |  1213
     31 |  1260
     32 |  1359
     33 |  1426
     34 |  1170
     35 |  1296
     36 |  1291
     37 |  1171
     38 |  1269
     39 |  1145
     40 |  1341
     41 |   949
     42 |  1021
     43 |   942
     44 |   847
     45 |  1043
     46 |   793
     47 |   851
     48 |   750
     49 |   947
$
      0 |  1477
      1 |  1160
      2 |  1502
      3 |  1295
      4 |  1252
      5 |  1345
      6 |  1398
      7 |  1423
      8 |  1251
      9 |  1324
     10 |  1267
     11 |  1227
     12 |  1526
     13 |  1310
     14 |  1335
     15 |  1394
     16 |  1343
     17 |  1501
     18 |  1326
     19 |  1413
     20 |  1478
     21 |  1343
     22 |  1232
     23 |  1188
     24 |  1406
     25 |  1399
     26 |  1426
     27 |  1544
     28 |  1435
     29 |  1301
     30 |  1246
     31 |  1263
     32 |  1413
     33 |  1419
     34 |  1257
     35 |  1400
     36 |  1430
     37 |  1310
     38 |  1395
     39 |  1338
     40 |  1504
     41 |  1279
     42 |  1348
     43 |  1282
     44 |  1296
     45 |  1457
     46 |  1319
     47 |  1428
     48 |  1329
     49 |  1456
$
      0 |  1573
      1 |  1263
      2 |  1602
      3 |  1405
      4 |  1335
      5 |  1410
      6 |  1530
      7 |  1534
      8 |  1345
      9 |  1441
     10 |  1364
     11 |  1310
     12 |  1645
     13 |  1390
     14 |  1454
     15 |  1501
     16 |  1483
     17 |  1610
     18 |  1437
     19 |  1546
     20 |  1568
     21 |  1421
     22 |  1330
     23 |  1278
     24 |  1505
     25 |  1502
     26 |  1500
     27 |  1616
     28 |  1525
     29 |  1383
     30 |  1317
     31 |  1333
     32 |  1456
     33 |  1510
     34 |  1294
     35 |  1348
     36 |  1416
     37 |  1354
     38 |  1486
     39 |  1360
     40 |  1414
     41 |  1203
     42 |  1267
     43 |  1133
     44 |  1188
     45 |  1305
     46 |  1193
     47 |  1151
     48 |  1144
     49 |  1217
